"gene_id","baseMean","log2FoldChange","lfcSE","stat","pvalue","padj","significance"
"ENSG00000152583",997.444732611474,4.60255454054448,0.211741943062643,21.7366218235885,9.24585530831346e-105,1.66258970154093e-100,"UP"
"ENSG00000179094",776.600164098613,3.18388262288409,0.201509405983298,15.8001687680425,3.10284782938911e-56,1.85984698893584e-52,"UP"
"ENSG00000125148",3656.26740037453,2.20346827829643,0.147419126764273,14.9469633056492,1.63015008179505e-50,5.86267175416773e-47,"UP"
"ENSG00000120129",3409.03835490143,2.94901281295457,0.201546443514014,14.6319268231072,1.75738759867527e-48,5.26689063322978e-45,"UP"
"ENSG00000189221",2341.78067569054,3.30522736474065,0.228030723877634,14.494658037898,1.30952913331622e-47,3.36399326789888e-44,"UP"
"ENSG00000109906",385.071327676389,7.17614939620649,0.496359299844905,14.4575701481745,2.24587292168246e-47,5.04816085971176e-44,"UP"
"ENSG00000178695",2649.82251474546,-2.49988304166943,0.17890347996184,-13.9733617378636,2.26669605815738e-44,4.52885872419844e-41,"DOWN"
"ENSG00000101347",12703.4128252398,3.85775021160878,0.279324769387077,13.8109850410826,2.18818799663659e-43,3.93479965555192e-40,"UP"
"ENSG00000162614",5393.11454093552,2.02995889126933,0.151706516399883,13.3808285856262,7.82699330625261e-41,1.2794999421185e-37,"UP"
"ENSG00000196517",229.638049919376,-2.21693924604394,0.166828412556433,-13.2887390827028,2.69074302059781e-40,4.03207841636583e-37,"DOWN"
"ENSG00000096060",2564.38437504937,3.93843101507586,0.296906743549409,13.2648755902052,3.70034444361025e-40,5.11843029115381e-37,"UP"
"ENSG00000162616",1467.63832301977,1.52097017999927,0.123443099810171,12.3212247775551,6.96286871931348e-35,8.9433075221925e-32,"UP"
"ENSG00000166741",7432.96098233325,2.16221947092681,0.177514555482886,12.1805193103462,3.94760242386424e-34,4.43661167412042e-31,"UP"
"ENSG00000198624",2057.20440873193,2.89494699695876,0.250638798651038,11.5502747880202,7.35847890250998e-31,6.96421934868076e-28,"UP"
"ENSG00000135821",19611.251384513,3.00416007078902,0.268753893163912,11.1781081026305,5.21907239248108e-29,4.2658799891634e-26,"UP"
"ENSG00000163884",561.111048261822,4.58218142970924,0.412315586337555,11.1132869615991,1.08105472767259e-28,8.45196787522107e-26,"UP"
"ENSG00000162692",508.164810682556,-3.60933204795293,0.326428735447035,-11.0570291644516,2.02700508371032e-28,1.51873355896996e-25,"DOWN"
"ENSG00000164647",1920.71084944799,1.55676220873078,0.141029484462546,11.0385584593427,2.48995707502612e-28,1.79097632492479e-25,"UP"
"ENSG00000139132",1223.46315207371,2.25393670843187,0.205574548135563,10.9640844592568,5.68732465187566e-28,3.78775821814919e-25,"UP"
"ENSG00000165995",495.095686525811,3.30052365155621,0.308426316320534,10.7011739170989,1.00496875101447e-26,5.82946712282005e-24,"UP"
"ENSG00000145777",152.370841552781,-2.78656070901067,0.261714255897043,-10.6473401667003,1.79418377534246e-26,1.0082191452565e-23,"DOWN"
"ENSG00000116285",3232.63588079279,2.43984707583882,0.229362922678621,10.6374955783829,1.99417373394234e-26,1.08664339647731e-23,"UP"
"ENSG00000163491",160.223339782888,-2.47256611656988,0.236886255156034,-10.437777890242,1.66666316419754e-25,8.5628391481715e-23,"DOWN"
"ENSG00000103196",3082.088884672,2.70058097148249,0.260942315270931,10.3493408827868,4.21376684128217e-25,2.04789068486314e-22,"UP"
"ENSG00000119138",1683.27622905212,2.11013968719509,0.205790724125059,10.2538134124683,1.13764642906021e-24,5.38346265456861e-22,"UP"
"ENSG00000185950",1974.87889005049,2.16285342575026,0.211627333748236,10.2201043099816,1.61167358512862e-24,7.24527860194571e-22,"UP"
"ENSG00000157150",167.615767587415,2.93266222493855,0.28736180462346,10.2054698215071,1.87411914421678e-24,8.21961230519662e-22,"UP"
"ENSG00000141401",627.528067458797,2.35555014645535,0.233108893600582,10.1049346941324,5.25305574230613e-24,2.24905829424164e-21,"UP"
"ENSG00000158246",70.3028660136772,2.33457252127898,0.231530412318161,10.0832218882368,6.55410435318987e-24,2.74083498788512e-21,"UP"
"ENSG00000211445",12285.7000547124,3.74280310253007,0.37683577303375,9.93218630067496,3.01569612221618e-23,1.17887494934112e-20,"UP"
"ENSG00000133142",3055.98067746606,1.5478699887527,0.156162300512468,9.9119312642882,3.69434863596527e-23,1.41344206748782e-20,"UP"
"ENSG00000172986",756.360325010941,-1.56946707488561,0.159712217783745,-9.82684416173293,8.6280166675982e-23,3.16630603503573e-20,"DOWN"
"ENSG00000131389",740.403133853246,-2.11964200003406,0.22252460430453,-9.52542756635253,1.64363905332001e-21,5.68383028015392e-19,"DOWN"
"ENSG00000161647",166.341417002357,1.5683082670228,0.165807463714705,9.45861080006197,3.12061406520347e-21,1.03916448371276e-18,"UP"
"ENSG00000250978",56.3185566347047,6.3002280149634,0.668047338085046,9.43081074617103,4.06931282975697e-21,1.30668541615518e-18,"UP"
"ENSG00000157514",2205.71884823744,3.33854296259127,0.35514433748853,9.40052426627554,5.42918699386983e-21,1.71276562322399e-18,"UP"
"ENSG00000124766",1281.45678699994,-2.35745543179661,0.253091196402968,-9.31464810037529,1.22357463239432e-20,3.72920661690078e-18,"DOWN"
"ENSG00000110756",995.252222053197,1.59109263709432,0.17087077893296,9.31167193729818,1.25835671176046e-20,3.77129506514611e-18,"UP"
"ENSG00000134253",136.92021385672,-1.96764635404256,0.211878379585256,-9.2866783193932,1.59178429138796e-20,4.61668792382876e-18,"DOWN"
"ENSG00000163110",1314.18347975196,1.58700360591985,0.171091379211227,9.27576604523457,1.76347223182621e-20,5.03345359884108e-18,"UP"
"ENSG00000169738",627.449398995589,2.14976702168189,0.237213096179099,9.06259838225282,1.27379318359871e-19,3.3684336805106e-17,"UP"
"ENSG00000112837",2754.94303068407,-1.80338443533455,0.199327048179878,-9.04736437830115,1.46460631838267e-19,3.81689142277639e-17,"DOWN"
"ENSG00000151726",1460.17591174986,1.60420467359761,0.177428967120558,9.04139104021045,1.54690601151313e-19,3.97378055700415e-17,"UP"
"ENSG00000157214",3009.27287526155,1.98773609165231,0.220645921421766,9.00871440924005,2.0848604086036e-19,5.28027603767746e-17,"UP"
"ENSG00000146592",669.394803070239,-1.9948572724382,0.221528921315321,-9.00495186178761,2.15760447578799e-19,5.38861717828051e-17,"DOWN"
"ENSG00000154734",30315.1131700161,2.29536290980836,0.255095842991537,8.99804121811782,2.29780552481164e-19,5.6601560201593e-17,"UP"
"ENSG00000185432",3885.65647195502,2.32577747623311,0.259192673788563,8.97316055364422,2.8812566290775e-19,7.00145360865832e-17,"UP"
"ENSG00000173838",47.3529312582661,3.88513069423009,0.435299786004481,8.92518402062825,4.44958836612386e-19,1.05279602631104e-16,"UP"
"ENSG00000177283",115.085150181609,2.46980212277057,0.277327323549982,8.90572948656985,5.30361159106343e-19,1.23856550169484e-16,"UP"
"ENSG00000146006",46.8070121087814,-4.12396622624798,0.463957288841581,-8.88867644809459,6.18411197056055e-19,1.42567565967461e-16,"DOWN"
"ENSG00000179593",67.2428116114968,9.60975292677209,1.0889694326607,8.82463055302886,1.098217513237e-18,2.43804287938615e-16,"UP"
"ENSG00000137672",655.448854141464,1.95881739040295,0.223867502396278,8.74989611906941,2.13549236241268e-18,4.57147900725058e-16,"UP"
"ENSG00000246430",2162.53381587847,2.06347301289852,0.235821264464093,8.75015668153499,2.13056725109681e-18,4.57147900725058e-16,"UP"
"ENSG00000106976",884.737400832367,-1.75519510123771,0.203169283436197,-8.63907708661536,5.66689311202842e-18,1.18490781326157e-15,"DOWN"
"ENSG00000169715",554.197192328851,2.17593534286194,0.253144948824449,8.59561035275052,8.28233882113997e-18,1.67340468181729e-15,"UP"
"ENSG00000150907",678.867910303335,2.28868546251487,0.2672082319028,8.56517572911976,1.07911141522908e-17,2.13237158996147e-15,"UP"
"ENSG00000143320",1492.11031525408,-1.67064397710368,0.195634773652849,-8.53960646111009,1.34679726763364e-17,2.63240309419436e-15,"DOWN"
"ENSG00000100784",87.3227602014942,-2.45365480129831,0.291992061539357,-8.40315585417923,4.34637233404106e-17,8.22699655902382e-15,"DOWN"
"ENSG00000187193",37.3833061453583,3.17278775294825,0.380327581725453,8.3422499587174,7.28901758392479e-17,1.35124859993954e-14,"UP"
"ENSG00000134243",5510.95647651194,2.22404407777616,0.267435065797096,8.31620218219085,9.08268272151968e-17,1.64974546159967e-14,"UP"
"ENSG00000167549",1996.39680069426,2.36464669032131,0.285727487077773,8.27588103092676,1.27509260311534e-16,2.292871518922e-14,"UP"
"ENSG00000101342",42.90137769414,4.18688348555097,0.507683709347423,8.24703138679159,1.62377779987703e-16,2.86262474484203e-14,"UP"
"ENSG00000253368",1040.17481746375,1.96743532229683,0.241424326392427,8.14928367698468,3.6608626751386e-16,6.09533635410577e-14,"UP"
"ENSG00000157152",49.9491137825046,3.55931794318997,0.43683875943846,8.14789866120247,3.70302461338052e-16,6.10897143099161e-14,"UP"
"ENSG00000105516",84.5743051728046,-1.65511927778071,0.203731571735389,-8.12401957969685,4.50992962572132e-16,7.30608599366853e-14,"DOWN"
"ENSG00000233117",77.6315991325697,3.47432766077573,0.429410657299987,8.09092089754204,5.92153037972591e-16,9.25921385115056e-14,"UP"
"ENSG00000127824",228.716782957365,-1.53922030864176,0.191636698400913,-8.03197050192151,9.59194362256383e-16,1.47420795060635e-13,"DOWN"
"ENSG00000108830",158.261075547043,-2.36508861287985,0.297030965207038,-7.96243116010255,1.68691467346999e-15,2.5706864117235e-13,"DOWN"
"ENSG00000100033",55.3639200859253,4.9608563065938,0.623837900287618,7.95215600768504,1.83293227546729e-15,2.76973009894562e-13,"UP"
"ENSG00000138316",799.560819258847,-2.40935751077825,0.30492930328161,-7.90136429936071,2.75867078210094e-15,4.06609983637206e-13,"DOWN"
"ENSG00000013293",244.49400651336,-2.83697519971885,0.359762783549051,-7.8856828150265,3.12820255577699e-15,4.50810130902144e-13,"DOWN"
"ENSG00000146250",313.686159348886,-2.73134343005296,0.346290464695506,-7.887434707319,3.0846144270984e-15,4.50810130902144e-13,"DOWN"
"ENSG00000119139",5029.85477688044,1.9574462307608,0.249960830352983,7.83101187492694,4.83958956341211e-15,6.69426919455974e-13,"UP"
"ENSG00000149218",2027.18420510953,1.96185472386833,0.25051231891879,7.83137025889858,4.82581176782321e-15,6.69426919455974e-13,"UP"
"ENSG00000157510",488.000363039249,1.69728333754905,0.216703294539159,7.83229134175598,4.79057834829732e-15,6.69426919455974e-13,"UP"
"ENSG00000135362",111.758618662809,1.54123027989593,0.198485960057321,7.76493349681174,8.16880742297971e-15,1.10444733142873e-12,"UP"
"ENSG00000136999",435.706358063201,-2.57960167652714,0.332473175349974,-7.75882647919415,8.57188344082292e-15,1.15029558233491e-12,"DOWN"
"ENSG00000198431",22734.5766088759,1.54669174890628,0.200443824531817,7.71633525013273,1.19722154275054e-14,1.58297336630443e-12,"UP"
"ENSG00000099337",530.058849354171,2.8077907848498,0.364570787588405,7.70163403223562,1.34337165972793e-14,1.76324884563705e-12,"UP"
"ENSG00000176771",107.651022394312,-2.20622532295642,0.286962394040561,-7.68820364191893,1.49215178167088e-14,1.93035059985654e-12,"DOWN"
"ENSG00000170214",201.577369495195,3.68001880582023,0.479533692344242,7.67416109560548,1.6650472022126e-14,2.13863419929907e-12,"UP"
"ENSG00000049246",196.028265600041,-2.16537790078477,0.283212157945244,-7.645780168814,2.07682219799508e-14,2.64861111803884e-12,"DOWN"
"ENSG00000182010",118.3057488985,-1.90173876071702,0.255229858220808,-7.45108262008972,9.25773608029081e-14,1.14808696686751e-11,"DOWN"
"ENSG00000183508",90.0350688619864,-2.4678033034503,0.33408744032477,-7.38669882666444,1.50519005924259e-13,1.81653205673156e-11,"DOWN"
"ENSG00000147119",453.233381160408,1.54887159216184,0.210749895360444,7.34933504717912,1.99195307381871e-13,2.38795334489387e-11,"UP"
"ENSG00000128342",153.120046201745,-2.50842163363501,0.346810592825147,-7.23282877031293,4.73035679988508e-13,5.45264589586753e-11,"DOWN"
"ENSG00000197301",209.371085229787,2.31291753814189,0.32330374379307,7.15400790292817,8.42802110062422e-13,9.47204221446404e-11,"UP"
"ENSG00000177614",133.149204675085,-2.47607484412642,0.346670895280933,-7.14243646591638,9.16909019889154e-13,1.01776901207696e-10,"DOWN"
"ENSG00000108960",1723.12310209931,1.6429585069107,0.230432014579984,7.12990558150252,1.00437800633727e-12,1.101263738412e-10,"UP"
"ENSG00000122966",288.892501525737,-1.5860843569321,0.225750341243167,-7.02583370726179,2.12791775954745e-12,2.19909293978059e-10,"DOWN"
"ENSG00000196569",17178.4005648725,2.07082483130257,0.294833824996787,7.0237016778015,2.16065890892322e-12,2.22016962858613e-10,"UP"
"ENSG00000196932",68.8282280672939,-2.07415098282191,0.29566563846874,-7.01519119219938,2.29634720499261e-12,2.32521057859313e-10,"DOWN"
"ENSG00000071282",3659.86212780504,1.59619976823807,0.227835599499203,7.00592783457288,2.45354362989552e-12,2.45727307043259e-10,"UP"
"ENSG00000126861",309.304215909479,-1.71060669867869,0.244177910393565,-7.00557513954288,2.45973280323583e-12,2.45727307043259e-10,"DOWN"
"ENSG00000100242",2236.24203648175,1.9111102391718,0.273296625847723,6.9928058322851,2.69442303095296e-12,2.67685717914895e-10,"UP"
"ENSG00000107562",25136.0890181904,-1.94922987888134,0.278856497967114,-6.99008232941092,2.74724981134526e-12,2.71434319272585e-10,"DOWN"
"ENSG00000125848",178.652501999173,-2.36706334657169,0.340358916926661,-6.95460946916146,3.535400249529e-12,3.43640904254219e-10,"DOWN"
"ENSG00000163661",8565.67576080715,2.23855748511454,0.328937676172149,6.80541527247551,1.00758165214682e-11,9.01409615368363e-10,"UP"
"ENSG00000119714",54.8122250115231,-2.90162616041072,0.428361102983148,-6.77378534186115,1.25455773681416e-11,1.10046132797035e-09,"DOWN"
"ENSG00000143786",77.7758916331867,-1.51649366369702,0.224022175635579,-6.76939083996725,1.2932574549101e-11,1.12890075505793e-09,"DOWN"
"ENSG00000172403",8014.79636483276,1.72301329674878,0.255470357731581,6.74447443550036,1.53581927071385e-11,1.33415952299403e-09,"UP"
"ENSG00000137801",90563.3614225568,1.95867170474017,0.290540221156663,6.7414821154281,1.56779036781568e-11,1.35538492279142e-09,"UP"
"ENSG00000171793",688.140766747762,1.5421065080542,0.22930316119343,6.72518643017463,1.75367762454695e-11,1.50883402127288e-09,"UP"
"ENSG00000162643",89.0649433045371,-1.58473939159505,0.235773360721697,-6.72145227410001,1.79922170412941e-11,1.52611342847429e-09,"DOWN"
"ENSG00000214814",243.273277090711,-3.15969726442557,0.470973019674717,-6.70887106570956,1.96135870077238e-11,1.64809122230322e-09,"DOWN"
"ENSG00000145244",167.013755528854,1.95572659316768,0.2916254379993,6.70629629083444,1.99626193599234e-11,1.66961777362857e-09,"UP"
"ENSG00000126016",386.412442581616,-2.29690036596834,0.344466315478792,-6.66799702251222,2.59318043722409e-11,2.12099763093621e-09,"DOWN"
"ENSG00000178723",34.4928481345877,3.61362047058665,0.541942951525567,6.66789827308266,2.5949253631741e-11,2.12099763093621e-09,"UP"
"ENSG00000140807",96.2204474752052,2.51061232468222,0.379196598589272,6.62087248151084,3.57084917103026e-11,2.86656293720831e-09,"UP"
"ENSG00000148848",1365.16397466345,-1.83304054978749,0.277093266691328,-6.61524753623635,3.7093052520923e-11,2.95135960367804e-09,"DOWN"
"ENSG00000089041",96.7559629333342,-1.91905878781858,0.290634666162535,-6.60299341836037,4.02937437753523e-11,3.19190352673297e-09,"DOWN"
"ENSG00000119508",216.674369404589,2.12131537796962,0.321682414151291,6.59443999625027,4.26864009232715e-11,3.36660904123802e-09,"UP"
"ENSG00000131242",31.7090867693619,-2.20395426698771,0.335084922890986,-6.57730060777676,4.79065632113126e-11,3.72924597257932e-09,"DOWN"
"ENSG00000143494",18.960739766621,-3.94185602923697,0.600450373685518,-6.56483233583845,5.20914412515464e-11,3.96910295163266e-09,"DOWN"
"ENSG00000165272",138.5709006117,-2.98047665960171,0.455859768316716,-6.53814367213686,6.22870761229128e-11,4.66685917850924e-09,"DOWN"
"ENSG00000013297",3431.54455302823,-1.71608892129859,0.263088947958235,-6.52284687219555,6.89852832465925e-11,5.08398919401732e-09,"DOWN"
"ENSG00000268913",72.857073302781,2.59404263004804,0.402021065745624,6.45250423690334,1.10016806442666e-10,7.85048497401593e-09,"UP"
"ENSG00000146122",1942.42555424956,1.65314421382023,0.257066057248085,6.43081483225473,1.26921700828487e-10,8.91525790741349e-09,"UP"
"ENSG00000132622",65.5487249388816,-2.33332032511888,0.362959683102583,-6.4285936806359,1.28789872380495e-10,9.01128204336987e-09,"DOWN"
"ENSG00000130513",451.001146431514,-1.8568108711905,0.289076211331791,-6.42325725328994,1.33388783822937e-10,9.2253735027079e-09,"DOWN"
"ENSG00000167641",231.672665874094,2.83367959812451,0.441817253478678,6.41369157907107,1.42037422288677e-10,9.67468533179917e-09,"UP"
"ENSG00000120162",60.670427635757,2.80287570436115,0.437436861949697,6.40749774005892,1.47927279303389e-10,9.96265294544399e-09,"UP"
"ENSG00000102554",149.552166590204,2.58697798375925,0.407730930645849,6.34481661634414,2.22690550979426e-10,1.47221378224707e-08,"UP"
"ENSG00000116711",111.968421891278,-2.5026468596517,0.397640292000659,-6.29374565404341,3.09895453463589e-10,1.99732618071049e-08,"DOWN"
"ENSG00000128165",58.7517465380704,-2.69295310104903,0.431334794370059,-6.24330134317576,4.28430352576033e-10,2.69371839161616e-08,"DOWN"
"ENSG00000070404",2128.12177561681,1.86506392091639,0.299229662573767,6.2328844836919,4.57923852463288e-10,2.84926875951379e-08,"UP"
"ENSG00000163251",54.2584482235687,2.47654380236819,0.397787008333071,6.22580363483002,4.7909382002102e-10,2.9503647505541e-08,"UP"
"ENSG00000154930",670.046865009161,1.88264968050622,0.303253902182172,6.20816308366996,5.36075047356595e-10,3.25665591269131e-08,"UP"
"ENSG00000068831",97.80859654551,1.95644215742438,0.319755898264924,6.11854908084737,9.44311985344008e-10,5.56741577719867e-08,"UP"
"ENSG00000116962",9435.94331671769,1.55571939826597,0.254369070915685,6.11599276856124,9.59576767032113e-10,5.63892464861812e-08,"UP"
"ENSG00000168398",5604.03360684726,-1.99192830185869,0.32585097181076,-6.11300402386254,9.77729047067794e-10,5.7268806919782e-08,"DOWN"
"ENSG00000122877",17.0524051391341,-3.0765823531955,0.504299334825411,-6.10070674445885,1.05600495503782e-09,6.08624394278526e-08,"DOWN"
"ENSG00000106617",1018.35402511812,1.57423128304687,0.259157325380191,6.07442325134908,1.24434130311974e-09,7.03711900974978e-08,"UP"
"ENSG00000164442",7510.49639231427,1.61624839914718,0.266075100165649,6.07440680522514,1.24446882721634e-09,7.03711900974978e-08,"UP"
"ENSG00000102524",64.0414731737915,-1.71371160091161,0.282903642306873,-6.05758054911399,1.38184151870227e-09,7.76508568415755e-08,"DOWN"
"ENSG00000152779",45.6803014022667,4.03163871888338,0.669463727975182,6.02219142040334,1.72071216623578e-09,9.34798978043858e-08,"UP"
"ENSG00000129467",105.731285944338,-1.64180613428361,0.273197783373253,-6.00958805013622,1.85995327005512e-09,1.00136765575243e-07,"DOWN"
"ENSG00000137393",158.28377408095,2.17494285158684,0.362676779182305,5.99691785200722,2.01097722694557e-09,1.07303835296544e-07,"UP"
"ENSG00000165507",18353.5589923275,1.61594916694657,0.27013083806038,5.98209807717463,2.20281559684706e-09,1.16161378482416e-07,"UP"
"ENSG00000261468",33.1838111689967,2.44419850565934,0.410438782513005,5.95508662873956,2.59934106727818e-09,1.34314227217805e-07,"UP"
"ENSG00000131979",85.0690048148891,1.62458845553196,0.273445210117784,5.94118454235194,2.82969841337938e-09,1.44146280083252e-07,"UP"
"ENSG00000187288",22.4448556240806,3.78641946614121,0.637708650797299,5.93753818676792,2.89333667977138e-09,1.46971695411438e-07,"UP"
"ENSG00000162772",373.512381807902,1.97581116601472,0.333915172821171,5.91710508187322,3.27657371496221e-09,1.64579185872767e-07,"UP"
"ENSG00000168621",218.3476228313,1.81236625487527,0.307469975535561,5.89444953679928,3.75932458201063e-09,1.86226376401419e-07,"UP"
"ENSG00000127954",286.388753317735,5.28708496441642,0.900415806526801,5.8718260231464,4.31020947425772e-09,2.10043866574803e-07,"UP"
"ENSG00000205364",52.271046309327,2.50544860675887,0.426966557949431,5.86802071523272,4.41028162179634e-09,2.14339686819302e-07,"UP"
"ENSG00000067798",705.207281858137,2.25851209050818,0.385570130971512,5.85759090004575,4.69629778433759e-09,2.25799002026627e-07,"UP"
"ENSG00000122035",943.340735322473,2.3717716112164,0.405897863115728,5.84327198229219,5.11853441213074e-09,2.45443962130493e-07,"UP"
"ENSG00000111859",1772.54117030296,1.66700093184821,0.286347544119743,5.82160024096842,5.82868296910775e-09,2.76547169262521e-07,"UP"
"ENSG00000145675",3495.18760109883,1.62872780608392,0.28306538052332,5.75389262746577,8.7211560432334e-09,4.00060785636283e-07,"UP"
"ENSG00000136383",68.7869977048668,3.03985657667023,0.528509237726169,5.75175675215964,8.83208180572977e-09,4.04118307965987e-07,"UP"
"ENSG00000157368",52.0691481246527,-2.14908632349321,0.376390227634012,-5.70972933331018,1.13155986125557e-08,5.06161925997453e-07,"DOWN"
"ENSG00000126878",93.2590639059887,-2.71438589441543,0.477507345357526,-5.68449034513402,1.31203334183385e-08,5.74038529266575e-07,"DOWN"
"ENSG00000134363",2906.30973919635,-1.78265085231396,0.314704926734527,-5.66451523594269,1.47440762029144e-08,6.40405744639629e-07,"DOWN"
"ENSG00000109625",41.4971423052559,-1.77448850800362,0.315463204950571,-5.62502529663218,1.85480791687256e-08,7.92236483639012e-07,"DOWN"
"ENSG00000123689",42.1345372369129,-2.67619337632742,0.475978988608789,-5.62250317844808,1.8821010328048e-08,8.01989117817438e-07,"DOWN"
"ENSG00000267339",26.2332150611532,-4.5273458654927,0.807345469403825,-5.60769340643711,2.05040828458916e-08,8.63476388137756e-07,"DOWN"
"ENSG00000168481",21.0039327564639,4.88082611664885,0.870445088851749,5.6072762994015,2.05535406125779e-08,8.63536839475175e-07,"UP"
"ENSG00000167191",2745.7420434188,1.89068585807827,0.341746461587723,5.53242263078398,3.15837770570751e-08,1.27055811865844e-06,"UP"
"ENSG00000124440",197.042690626187,2.55215067433778,0.461444716984547,5.53078316946739,3.18804202954541e-08,1.27962883426977e-06,"UP"
"ENSG00000070808",23.5852977806582,-2.26494678500561,0.410109444107604,-5.52278621608953,3.33665631163429e-08,1.33037148106004e-06,"DOWN"
"ENSG00000247311",17.5620741427689,2.62145427361527,0.476071674047895,5.50642774296112,3.66188162833412e-08,1.45039549428864e-06,"UP"
"ENSG00000064309",348.466903387175,-1.64649093405669,0.29922308681716,-5.50255313375192,3.74330358986028e-08,1.47614221826464e-06,"DOWN"
"ENSG00000177570",102.120903759786,-2.02790039599092,0.369083938279117,-5.49441518762957,3.92007260007397e-08,1.54246707865493e-06,"DOWN"
"ENSG00000235513",28.1190025042341,-2.12338509193855,0.389350166675965,-5.45366426850852,4.93423216258097e-08,1.89918238752702e-06,"DOWN"
"ENSG00000243742",21.2155210445864,-2.18608769080368,0.401064237399007,-5.45071708457717,5.01671236681835e-08,1.9193728038325e-06,"DOWN"
"ENSG00000092969",200.644149045315,-1.581171651767,0.290244990694708,-5.44771383644702,5.10213576274741e-08,1.946814716862e-06,"DOWN"
"ENSG00000163083",418.919472436378,3.64391077725916,0.669899363417189,5.43948983422136,5.34333579247877e-08,2.02708574304543e-06,"UP"
"ENSG00000136237",98.5190517139084,2.77733278827916,0.511138424566217,5.43362160775952,5.52216188131147e-08,2.08175083752082e-06,"UP"
"ENSG00000261685",48.4470782983356,2.3284306507369,0.430006077634079,5.41487846764417,6.13303481859042e-08,2.28331743494602e-06,"UP"
"ENSG00000131386",11496.512180422,1.54343364224081,0.286374012785454,5.38957298264743,7.06252945587438e-08,2.5708179084116e-06,"UP"
"ENSG00000126950",786.108308420399,-1.64521458617888,0.306142887033104,-5.37400885620113,7.70050729645789e-08,2.77496036482777e-06,"DOWN"
"ENSG00000142871",5220.26485622205,1.81853636452093,0.339043672903169,5.36372305357932,8.15238690113902e-08,2.92024345132035e-06,"UP"
"ENSG00000174697",115.96591423188,3.1983152992116,0.596893584344291,5.358267173746,8.4023925187027e-08,2.99191727269925e-06,"UP"
"ENSG00000163171",1357.57299789907,1.51188371462035,0.285191413139777,5.3012946567201,1.14984330154476e-07,3.9993195838255e-06,"UP"
"ENSG00000237697",126.795186309546,2.02804996424889,0.384630316697039,5.27272520186264,1.3441274665331e-07,4.5518079290392e-06,"UP"
"ENSG00000123610",322.72990824958,-2.51160097838791,0.476778805023482,-5.26785367118869,1.38028059900765e-07,4.65669901151137e-06,"DOWN"
"ENSG00000095637",44.3056674720633,1.90096795695234,0.362365951850686,5.24598944035348,1.55445805613785e-07,5.20526345725713e-06,"UP"
"ENSG00000167992",251.542182012273,-1.50498893474446,0.287372615457663,-5.23706454196288,1.63150651063839e-07,5.44299630320956e-06,"DOWN"
"ENSG00000254726",47.8948534000902,-2.01250400087839,0.385918835624441,-5.21483746089261,1.83978484085158e-07,6.03704580441479e-06,"DOWN"
"ENSG00000127324",26.4056853497082,4.38744376770279,0.842786667192935,5.2058770487151,1.93082462844136e-07,6.27359797169554e-06,"UP"
"ENSG00000141150",151.082027400383,1.57178658572278,0.303958989938711,5.171048193178,2.32784516769799e-07,7.39563812818821e-06,"UP"
"ENSG00000154736",3780.49568538734,2.12649485456393,0.412728647531309,5.15228314604117,2.57334105514668e-07,8.11821383397327e-06,"UP"
"ENSG00000169271",82.8298565783954,2.38563589878404,0.466014719819664,5.11922863661306,3.0678785251252e-07,9.44633418472627e-06,"UP"
"ENSG00000181634",26.8280741823944,-2.60407867024794,0.51077275171549,-5.09831164936233,3.42696284675549e-07,1.04270128443921e-05,"DOWN"
"ENSG00000141469",53.4354810111084,-3.87425998462147,0.761018737087339,-5.09088646023289,3.56393395521228e-07,1.07527953662126e-05,"DOWN"
"ENSG00000112936",1960.7071087824,3.2146485834281,0.634287515346457,5.06812526756452,4.01752984757834e-07,1.19153165839004e-05,"UP"
"ENSG00000072571",36.6278171475339,1.540780720498,0.305835231694713,5.03794383649041,4.70559464422748e-07,1.38261442634802e-05,"UP"
"ENSG00000100739",134.534730275926,-1.75213994646011,0.348179404440218,-5.03229060684131,4.84653841324282e-07,1.41708054873061e-05,"DOWN"
"ENSG00000174680",14.3888594220334,3.09349559888664,0.616219804554581,5.02011713356518,5.1639980553625e-07,1.50500831493563e-05,"UP"
"ENSG00000162878",1588.44163127645,1.53997285102255,0.307662430332073,5.00539779706088,5.57467851155437e-07,1.61944861057788e-05,"UP"
"ENSG00000213160",203.848539203316,1.63465293702241,0.327246380726092,4.99517499137942,5.87824415562796e-07,1.69124138250403e-05,"UP"
"ENSG00000173110",13.4569152475954,-2.68629048404625,0.539382748975677,-4.98030478198957,6.34842130356996e-07,1.80343304708997e-05,"DOWN"
"ENSG00000099194",785.207076440808,-2.00114358732567,0.402568119250977,-4.97094402569439,6.66276847490664e-07,1.88084619647992e-05,"DOWN"
"ENSG00000264868",18.1836599664755,4.60301235103378,0.927522887497779,4.96269408882355,6.95220360473136e-07,1.94423833935116e-05,"UP"
"ENSG00000235109",71.4228257725772,-1.74166858912785,0.351526113153057,-4.95459234452239,7.24820877411752e-07,2.01448671060558e-05,"DOWN"
"ENSG00000241399",676.962148494614,1.70164986081162,0.344170732348553,4.94420269033308,7.64561245987145e-07,2.11188023430735e-05,"UP"
"ENSG00000143869",99.0938506755859,1.9496550533954,0.394839637113692,4.93784025243141,7.89925065452734e-07,2.17525766109817e-05,"UP"
"ENSG00000166592",105.621519715087,-1.5097957544709,0.307300225214254,-4.9130968043328,8.96489849595292e-07,2.43883214454199e-05,"DOWN"
"ENSG00000230018",41.519428327209,2.41328881041904,0.491176996424575,4.91327734805598,8.95664350146152e-07,2.43883214454199e-05,"UP"
"ENSG00000123405",13.5285848772424,-2.83424673093147,0.579424780907008,-4.89148345794748,1.00078806022598e-06,2.67112081284767e-05,"DOWN"
"ENSG00000116991",119.853749823762,-2.71811164400946,0.556335392494724,-4.88574281032325,1.03039632360337e-06,2.74091519098163e-05,"DOWN"
"ENSG00000117461",215.509146709287,-1.68081741206112,0.345196344907422,-4.86916341049874,1.1207170289442e-06,2.97237958915554e-05,"DOWN"
"ENSG00000116675",50.8990625914575,2.131735978334,0.438541296769433,4.86096975139556,1.16812103652517e-06,3.08899301158759e-05,"UP"
"ENSG00000081052",207.134577208693,1.97279931152605,0.407428076840901,4.84207992444376,1.28487059904023e-06,3.37292600174327e-05,"UP"
"ENSG00000178015",22.9769906583041,2.60059303096667,0.537680991575863,4.83668396635097,1.3202308300013e-06,3.45063819550631e-05,"UP"
"ENSG00000143127",265.813276525119,3.72787475304213,0.771024624406412,4.83496199088597,1.33171078175998e-06,3.47055409820406e-05,"UP"
"ENSG00000132518",5.65470690189454,6.02613082518947,1.24971039815947,4.82202183326996,1.42110386253879e-06,3.68748768487337e-05,"UP"
"ENSG00000162630",42.6470656443847,2.85369054782046,0.592891513905278,4.81317489100775,1.48551177791974e-06,3.83799896415987e-05,"UP"
"ENSG00000116194",237.044539587412,2.01920306831501,0.420808331868194,4.79839137060496,1.59945015254671e-06,4.10875894901357e-05,"UP"
"ENSG00000184307",101.191575318095,1.71024670193923,0.357662446184521,4.781734062896,1.73789492616194e-06,4.42020177683792e-05,"UP"
"ENSG00000177575",10.1021614404928,4.40665736942942,0.928157117185542,4.74774937113208,2.05692701838985e-06,5.15866968545137e-05,"UP"
"ENSG00000267480",24.2621807842876,2.388049428116,0.503097323558918,4.74669475723486,2.06767627141103e-06,5.17840594881799e-05,"UP"
"ENSG00000155897",24.2882778293443,-3.96640587717051,0.838169161913519,-4.73222597227903,2.22070990133204e-06,5.51558086267302e-05,"DOWN"
"ENSG00000103175",250.457907082079,1.70909270418385,0.363293509091174,4.70444051824478,2.54563068261512e-06,6.24495647132128e-05,"UP"
"ENSG00000245812",181.253072875573,1.6268802825191,0.347413695788537,4.68283289415667,2.8293716493155e-06,6.86609460161827e-05,"UP"
"ENSG00000137959",102.245120327948,1.73369953127878,0.370289995514397,4.68200478619567,2.84082846673207e-06,6.88460613056283e-05,"UP"
"ENSG00000179300",68.2349431313031,3.01879543878582,0.647615217003002,4.66140288172355,3.14061258842227e-06,7.51990620040071e-05,"UP"
"ENSG00000230417",33.4410126094382,-1.56981805751679,0.337412800265852,-4.65251483132802,3.27911145252814e-06,7.80993140918688e-05,"DOWN"
"ENSG00000169031",44.8711687749684,2.07802954583201,0.447141343520803,4.64736615377489,3.36200096837272e-06,7.97565981705517e-05,"UP"
"ENSG00000128285",6.62464689043904,-5.338693785566,1.15134051775515,-4.63693729460269,3.53609627634051e-06,8.34463034660826e-05,"DOWN"
"ENSG00000102760",1136.38757496646,3.16730690984626,0.685136992420411,4.62288118272083,3.78446513249544e-06,8.8609703141319e-05,"UP"
"ENSG00000185745",237.71394326956,-1.6308195626384,0.353036273564779,-4.61941076527697,3.84831338740283e-06,8.96773350616382e-05,"DOWN"
"ENSG00000133216",344.05324780186,-1.74029672642929,0.377524274070391,-4.60976113579602,4.03131879707782e-06,9.30567068152161e-05,"DOWN"
"ENSG00000211448",662.63316137939,1.55152679997127,0.337777646973389,4.59333769973685,4.36212302546479e-06,9.89151276720149e-05,"UP"
"ENSG00000135472",155.837656595499,-1.63656277097629,0.360563804128732,-4.53889922459324,5.65486515980425e-06,0.000125228799634975,"DOWN"
"ENSG00000160145",42.1559705694256,-1.63457035905493,0.361067614868352,-4.52704782081025,5.98134083581087e-06,0.000130688300011605,"DOWN"
"ENSG00000107611",41.0818870131441,-1.54272316626898,0.341987426183446,-4.51105230237748,6.45068113945799e-06,0.000139922977382067,"DOWN"
"ENSG00000188176",56.145889280883,-3.06155637248434,0.678952212740486,-4.50923690214786,6.50612248640749e-06,0.000140955535603108,"DOWN"
"ENSG00000016391",92.1101048399364,-2.0430526185546,0.453262551796208,-4.50743748950428,6.56152527784259e-06,0.000141984774423785,"DOWN"
"ENSG00000152463",7.53317434146912,3.91382072272901,0.871124498288702,4.49283739628215,7.02804467245873e-06,0.00015135125664689,"UP"
"ENSG00000100206",36.2987514806198,1.9050402761651,0.42483319475345,4.48420768360786,7.31853565419872e-06,0.000156855671196426,"UP"
"ENSG00000164761",7614.29076464117,-1.53516263459979,0.343601776747968,-4.46785418029381,7.90081307096356e-06,0.000167934303359417,"DOWN"
"ENSG00000184156",16.2913207397899,2.51458006233488,0.567329094986689,4.43231289309052,9.32275945957591e-06,0.000195843295095904,"UP"
"ENSG00000156675",1631.8741313659,1.54532321759341,0.34913122950481,4.42619590285641,9.59094288107609e-06,0.000200539924287803,"UP"
"ENSG00000179388",47.7434578840788,-1.85487349848449,0.421086092287781,-4.40497449917396,1.05796322673615e-05,0.00021841899819942,"DOWN"
"ENSG00000100302",35.8445158131682,-1.98191706557767,0.451044742269371,-4.39405868164192,1.11253763255995e-05,0.000228636019527921,"DOWN"
"ENSG00000168309",159.530276360668,4.71723126817543,1.07576865686836,4.38498671443696,1.15992857530592e-05,0.000237290507862925,"UP"
"ENSG00000139269",16.8064799247861,-1.85132791538389,0.422788739307481,-4.37884868555471,1.19307931339144e-05,0.000242966616233351,"DOWN"
"ENSG00000158813",81.9429370730574,1.53192952180453,0.351584911976902,4.35721064704043,1.3173047574822e-05,0.000265856051055499,"UP"
"ENSG00000106003",16.4281623709883,-2.6324814697787,0.604957499125109,-4.35151473216846,1.35200235343932e-05,0.000271943023708567,"DOWN"
"ENSG00000184564",43.2167565534767,-2.97366363325664,0.683550831769823,-4.35031821343462,1.35940112803055e-05,0.000273125710438495,"DOWN"
"ENSG00000025423",169.201816463876,-2.18444908371571,0.506073604524347,-4.31646516274811,1.58547689848127e-05,0.000311245039175658,"DOWN"
"ENSG00000019186",14.0875173434919,-4.42929460634969,1.03620576834201,-4.27453189479617,1.91539285982743e-05,0.000366410578781031,"DOWN"
"ENSG00000165495",15.3546494721503,-2.24364020544233,0.528530492414478,-4.24505347873637,2.18541292794697e-05,0.000410638404078813,"DOWN"
"ENSG00000249364",8.83918349519796,5.16528865933537,1.22244988555676,4.22535820925113,2.38560996101958e-05,0.000443161552882789,"UP"
"ENSG00000138135",37.8397097714386,-1.55917858758096,0.369553723192641,-4.21908504698839,2.45295737737027e-05,0.000453797114813499,"DOWN"
"ENSG00000183496",171.525899913249,-1.63567482606859,0.387733008077188,-4.21855965830736,2.45867919394764e-05,0.000453921655703967,"DOWN"
"ENSG00000135604",21.3325453810853,2.47297507185841,0.589508772855574,4.19497586079906,2.72900649671298e-05,0.000495186627889938,"UP"
"ENSG00000123685",42.3509033628623,1.93775539410431,0.464522083762668,4.17150327581484,3.02596706064264e-05,0.000539810909568213,"UP"
"ENSG00000138669",239.218768914062,-1.63727291155251,0.393524383223329,-4.16053739324036,3.1749962539215e-05,0.000562490469340063,"DOWN"
"ENSG00000171819",254.882598741171,5.79685786904569,1.3972181944792,4.14885655794543,3.34140091981995e-05,0.000586195817953193,"UP"
"ENSG00000171509",35.2184287096715,-1.95603028564169,0.472026494408312,-4.14389935483089,3.41449645647059e-05,0.000596142402151349,"DOWN"
"ENSG00000174944",21.3632883755612,1.59255244324079,0.385547978129552,4.13062065833389,3.61785147665911e-05,0.000626952355200345,"UP"
"ENSG00000188916",53.1581029233325,2.49281942376879,0.605584829809431,4.1163835371392,3.8486366315926e-05,0.000663530047069013,"UP"
"ENSG00000126860",22.3216226039413,-1.5028113885034,0.368379000853751,-4.07952512228033,4.51277929664781e-05,0.000759820199553567,"DOWN"
"ENSG00000162998",89.4044039029013,1.77675227519126,0.437079918114539,4.06505126763946,4.80219047971997e-05,0.000798825062038154,"UP"
"ENSG00000227268",22.4117295944599,-1.55387945321835,0.382854701748874,-4.05866624105764,4.93537929991555e-05,0.000817953830148216,"DOWN"
"ENSG00000175489",9.24960439883729,-3.39933943757364,0.839237612368202,-4.05050892318948,5.11063606212937e-05,0.00084234150017608,"DOWN"
"ENSG00000108387",19.0736661708649,1.93286767862342,0.477671975027727,4.04643307472921,5.20039835506118e-05,0.000855567824526168,"UP"
"ENSG00000168918",16.1499135590953,-2.09812466302276,0.51939616038677,-4.0395459632593,5.35547726399052e-05,0.000875474474191615,"DOWN"
"ENSG00000168811",36.0799212868398,-1.97694301095636,0.492482968180636,-4.01423630599799,5.96385752554449e-05,0.000964407248420333,"DOWN"
"ENSG00000182836",24.8480423376056,3.29346327013598,0.820767361228527,4.01266354598496,6.00374560669412e-05,0.000969114483838184,"UP"
"ENSG00000269289",8.28398322495474,3.20338789241557,0.799406063289528,4.00720990185356,6.14402562672086e-05,0.00098998090340228,"UP"
"ENSG00000084710",10.3957442696493,-2.68473757980961,0.670718602921072,-4.00277786856844,6.26030746342944e-05,0.00100511472149454,"DOWN"
"ENSG00000206172",11.1291277867445,-2.56384559918172,0.643209151035857,-3.98602164638481,6.71903847802973e-05,0.00107206521660985,"DOWN"
"ENSG00000223764",25.8912804732707,-1.77097925986796,0.444786547978814,-3.98163853631723,6.84418102350151e-05,0.00108817031975777,"DOWN"
"ENSG00000223949",17.3539296149798,-1.82950415900055,0.461436166028321,-3.9648044381685,7.34561436844135e-05,0.0011498864592155,"DOWN"
"ENSG00000172738",50.8391641698733,-1.76485512182749,0.445554321815011,-3.9610324385098,7.46263927978094e-05,0.00116285250891699,"DOWN"
"ENSG00000126803",449.176836543227,2.55802637293322,0.646122045571388,3.95904518421294,7.52500007337745e-05,0.00116952939774826,"UP"
"ENSG00000272841",114.903197148601,-2.05354676539074,0.520233798057814,-3.94735361880992,7.90198015244226e-05,0.00122283482875402,"DOWN"
"ENSG00000197381",1969.04008868001,2.32322861026251,0.59178720479109,3.92578378081467,8.64477842374869e-05,0.00132448009539624,"UP"
"ENSG00000145390",8442.04514236764,2.30685058018641,0.590765912332927,3.9048471349281,9.4284964242918e-05,0.00142833380540535,"UP"
"ENSG00000150594",41.651403552087,-2.33350925804314,0.600866361772526,-3.88357446264658,0.000102931989607189,0.00153731149262166,"DOWN"
"ENSG00000128045",124.216514368742,3.99888922549498,1.03098333859585,3.87871372484184,0.000105010243924331,0.00156704913381521,"UP"
"ENSG00000028277",34.4572720229068,-2.01648203829472,0.519974336987328,-3.87804146254214,0.00010530077379686,0.00157008168691138,"DOWN"
"ENSG00000203685",8.00352163341268,2.96330600406619,0.766630670460505,3.86536322931898,0.000110923995164621,0.00163763159363729,"UP"
"ENSG00000160097",14.6509596579192,-1.67806442775812,0.434525043752687,-3.86183593301288,0.000112538134577152,0.00165602351552075,"DOWN"
"ENSG00000183876",193.710165838978,-1.63936115858092,0.424860297232261,-3.85858873907609,0.000114043659485064,0.0016724779346094,"DOWN"
"ENSG00000260802",6.72314403781662,5.53529096838252,1.43516509550802,3.85690188934195,0.000114833226034527,0.00168153995973361,"UP"
"ENSG00000248187",7.68952994258655,3.57028405039404,0.931837319292075,3.83144565738837,0.000127392514118681,0.001842938205054,"UP"
"ENSG00000176928",260.113412949137,1.9644965438753,0.514008951273612,3.82191115350747,0.000132421402696475,0.00190496133063041,"UP"
"ENSG00000175471",158.252276746404,1.78717197586462,0.46884838275498,3.81183350865602,0.000137939779368945,0.00197748518894892,"UP"
"ENSG00000188501",7.45180015439393,-2.91930240139063,0.76823657324162,-3.80000445575307,0.000144693486185442,0.0020617101969783,"DOWN"
"ENSG00000231246",5.97046959812093,3.52232437840687,0.927866829029516,3.79615292648297,0.000146958864191207,0.00208744849061913,"UP"
"ENSG00000259426",29.0229650387736,1.64524127292884,0.436430374942449,3.7697680257608,0.000163399349482509,0.00227594663237372,"UP"
"ENSG00000224080",9.11021741192982,2.31407189085999,0.615128919778099,3.76192992469735,0.000168607292743535,0.00233582152397092,"UP"
"ENSG00000137673",5.10282975229036,5.15202458970599,1.3748120993815,3.74743908060147,0.00017864920610168,0.00245414058374363,"UP"
"ENSG00000070388",5.95766918518531,2.9129184947083,0.782996041865933,3.72022122585271,0.000199048345668717,0.00269931172836717,"UP"
"ENSG00000254842",11.456641092336,2.84475697237902,0.765260792628833,3.71736929394576,0.000201308076733641,0.00272379370641409,"UP"
"ENSG00000060718",363.7631440814,2.38256195930808,0.646007925004639,3.68813116230883,0.000225907197754769,0.00300420029879869,"UP"
"ENSG00000108700",15.0226558747118,-3.6900469962779,1.00151319099827,-3.68447168688793,0.00022917749755841,0.00303913699195821,"DOWN"
"ENSG00000145569",20.5338046400784,2.41980963709004,0.657355566153504,3.68112747755295,0.000232204865853346,0.0030747480837812,"UP"
"ENSG00000117600",39.2873968219258,-2.07877981800589,0.565609303141838,-3.67529283280652,0.000237576757488568,0.00313894581422441,"DOWN"
"ENSG00000172497",22.9676734512283,-1.69666609223471,0.462497363047259,-3.66848814240989,0.000243989007797944,0.00321186701187601,"DOWN"
"ENSG00000124134",26.0836133664418,-2.73922101500874,0.750973126259322,-3.64756196889907,0.000264740473085373,0.00344469116282285,"DOWN"
"ENSG00000215481",10.2941847110896,2.56499880496145,0.7033523520346,3.64681911923894,0.000265506684752481,0.00345216283819169,"UP"
"ENSG00000149403",45.0596054072175,-2.1746604125164,0.59980552944088,-3.62560914458983,0.000288281104631681,0.00370541159648813,"DOWN"
"ENSG00000165899",27.8518859668095,1.88977786161624,0.521390463590713,3.62449640640091,0.000289525045618175,0.00371874240736144,"UP"
"ENSG00000138483",4.87045243050388,3.67453128228603,1.01581015302458,3.61734057426487,0.000297645548770281,0.00379593067942355,"UP"
"ENSG00000186198",52.6272144869608,-1.58680458588401,0.438932094177099,-3.6151482357628,0.000300175811972612,0.00382058385111318,"DOWN"
"ENSG00000272168",89.1268202836453,-1.61598580402902,0.448097874065581,-3.60632330023622,0.000310566166129873,0.00391901810480517,"DOWN"
"ENSG00000273259",8.86087720009819,3.85949702689546,1.07108178105253,3.60336352944291,0.000314125708939938,0.00395560819198737,"UP"
"ENSG00000183454",5.80409129264891,-4.35955852061724,1.21042761152266,-3.60166810399601,0.000316181866474547,0.00397593169436735,"DOWN"
"ENSG00000261121",7.00515534339253,-3.11453411662674,0.866340296215175,-3.59504703894458,0.00032433297053498,0.00406138960735376,"DOWN"
"ENSG00000140600",11.2051862781286,-2.77327419576831,0.775404856755108,-3.57654994240535,0.000348158825448323,0.00431107751242522,"DOWN"
"ENSG00000095585",21.112756321606,-2.56707842337538,0.719573369862843,-3.56750059255901,0.000360402564509839,0.00443887596918899,"DOWN"
"ENSG00000253139",15.6381285076394,2.37127597340512,0.665322195538288,3.56410170787495,0.000365104376609756,0.00449370766611679,"UP"
"ENSG00000128594",19.009262298397,-1.77101403626343,0.49698908664462,-3.56348677235608,0.000365961144320624,0.00450117188589157,"DOWN"
"ENSG00000015520",17.5126902473431,-2.56038268348552,0.718642962089078,-3.56280214035987,0.00036691722892594,0.00450984662375001,"DOWN"
"ENSG00000035664",633.039689235768,1.56946182199203,0.441527386020911,3.55461942267315,0.000378526564739798,0.00463985322914182,"UP"
"ENSG00000154864",153.233975152144,-2.60322583699913,0.732675798314228,-3.55303920641127,0.000380807705041304,0.00466463498096235,"DOWN"
"ENSG00000258457",8.33136465987665,-2.45838556337107,0.694792225184616,-3.53830321391095,0.00040270732818318,0.00489620228221092,"DOWN"
"ENSG00000261425",22.8002084730873,-1.9568594537448,0.554508163711195,-3.52900025970402,0.000417132721165153,0.00504091437633857,"DOWN"
"ENSG00000261827",11.5445579361005,-1.87974003846207,0.533862207518206,-3.52102099004257,0.000429888586222107,0.00516383203570202,"DOWN"
"ENSG00000064201",16.9796928099119,-1.60092484547069,0.457156302300191,-3.50192010350859,0.000461918113642448,0.00549352613724768,"DOWN"
"ENSG00000163485",45.7488367839578,-1.65266291634597,0.474785725097589,-3.48086058401667,0.000499805571000775,0.00583931578240802,"DOWN"
"ENSG00000219565",5.21232379167884,3.77898624771179,1.08833944942416,3.47224962736697,0.000516116182328922,0.0059941903166704,"UP"
"ENSG00000066468",28.7031609448735,-2.36011481492583,0.681547344776129,-3.46287727920218,0.0005344320870387,0.00614853345433775,"DOWN"
"ENSG00000170323",8.79470657325092,3.5580583688285,1.02972188193503,3.45535860823145,0.000549561347839548,0.00629108060952359,"UP"
"ENSG00000268894",6.62879201228482,4.16473141420263,1.2073561025219,3.44946400279373,0.000561700615064994,0.00640488298040503,"UP"
"ENSG00000105989",333.209551189313,-3.11651041077227,0.903545940858696,-3.4491997250416,0.000562250670709998,0.00640709224379416,"DOWN"
"ENSG00000125657",13.3115501200415,-1.76174732041524,0.511938122935148,-3.44132863228554,0.000578865012057264,0.00657974124324508,"DOWN"
"ENSG00000131771",95.4180950879008,-3.045497395122,0.888734511445583,-3.42677971418968,0.000610784339814048,0.00686874546500075,"DOWN"
"ENSG00000159713",14.1185093126775,-1.5443955623013,0.451602917376714,-3.41980864798757,0.00062665198732007,0.00702960451402963,"DOWN"
"ENSG00000267683",6.11943702063457,-2.4977389008422,0.73185588321341,-3.41288354460609,0.000642794041151993,0.0071837926960815,"DOWN"
"ENSG00000259448",9.61888078696031,1.92478783357466,0.567352050766237,3.39258108078598,0.000692374374591041,0.0076617083100899,"UP"
"ENSG00000250934",4.86372304781545,3.19506475834805,0.945288500516211,3.37998902621079,0.000724887240016153,0.00795297275776111,"UP"
"ENSG00000046653",1090.45643883243,2.5845007824414,0.765065675731284,3.37814237969965,0.000729772850220883,0.00800169231260483,"UP"
"ENSG00000225783",69.7496343195527,-1.86106177283997,0.552542535869497,-3.36817828859338,0.000756666475478717,0.00823132278406431,"DOWN"
"ENSG00000270093",11.0488827412884,-2.03310820094771,0.604127790907839,-3.3653611562754,0.000764435290307067,0.00829576064592739,"DOWN"
"ENSG00000272796",17.6400790331034,-1.66347634888938,0.49529331161708,-3.35856816531261,0.000783473954805399,0.00848189563835682,"DOWN"
"ENSG00000229647",5.0442113174197,2.99125100155039,0.891411514850049,3.35563424043672,0.000791832166076341,0.00855178739362449,"UP"
"ENSG00000079101",6.7724663151121,-2.97231829774682,0.886290200160951,-3.35366260081297,0.000797495416839134,0.00859230831971318,"DOWN"
"ENSG00000267528",18.3332973925955,-2.10561273116542,0.628071821597107,-3.35250310356404,0.000800843435406403,0.00861805305534288,"DOWN"
"ENSG00000237928",7.32018678586575,3.00860485980236,0.897551623925172,3.35201316515381,0.000802262036356967,0.00862299816961803,"UP"
"ENSG00000128606",1137.03091630192,-2.18534054818446,0.654828532590385,-3.33727142209219,0.000846052814939598,0.00898939940908636,"DOWN"
"ENSG00000270689",4.50367827996702,4.17720942136065,1.25175867319689,3.33707248114557,0.000846658653564925,0.00898939940908636,"UP"
"ENSG00000130592",19.9432991680427,-2.05150675809982,0.615341156165313,-3.33393392843152,0.00085626994926542,0.00906265228233713,"DOWN"
"ENSG00000170873",1487.26194884797,1.95901718349484,0.588432495823309,3.32921311688245,0.000870917350933592,0.00919602807075035,"UP"
"ENSG00000175928",11.3933402427726,-2.16986399983827,0.652903906280884,-3.3234048363999,0.000889257579659694,0.0093621954317568,"DOWN"
"ENSG00000188536",8.6825047864436,-2.28323401774913,0.688533633234721,-3.31608204383936,0.000912890243447447,0.00953840346175014,"DOWN"
"ENSG00000165125",29.8611639797166,1.7401322222766,0.527743860641594,3.29730452981693,0.000976175963514537,0.0101173464990884,"UP"
"ENSG00000122679",10.3539982692666,-4.051171091646,1.22950501197585,-3.29496102267664,0.000984353321629123,0.010178632219399,"DOWN"
"ENSG00000041515",10.1316555228039,1.73915999291032,0.529035631927528,3.28741560672148,0.00101111489980889,0.010401526389224,"UP"
"ENSG00000178734",14.3864056543608,-1.65736185545591,0.505235576045479,-3.28037441153337,0.0010366940826118,0.0106160780145361,"DOWN"
"ENSG00000159167",924.31845141588,2.27738401790213,0.695437960455148,3.27474792490711,0.00105756294841133,0.0107806671986012,"UP"
"ENSG00000167642",61.5053014055689,2.05841260836042,0.630089315520049,3.26685845587065,0.0010874803756047,0.0110494754791293,"UP"
"ENSG00000103742",370.827770473622,-2.13197726346919,0.652875936299114,-3.26551668538205,0.00109264567997556,0.0110817566933561,"DOWN"
"ENSG00000165388",13.1881448925174,-2.85002862239475,0.876983299129607,-3.2498094607085,0.00115482355099616,0.0115881903426412,"DOWN"
"ENSG00000104951",7.10203025372704,-2.26210633350831,0.698517029717218,-3.23844120797468,0.00120184788643892,0.0119533344546154,"DOWN"
"ENSG00000144648",25.4176323153014,2.20834530047488,0.683892137227308,3.22908420826147,0.00124187321612645,0.0122767257682165,"UP"
"ENSG00000259886",15.971915512095,1.58645308764978,0.492612848394891,3.2204866211245,0.00127973165793061,0.0125406728462715,"UP"
"ENSG00000182732",5.22394214557759,-2.58362611402871,0.805578832835923,-3.20716732952557,0.00134049000343877,0.0130366096494515,"DOWN"
"ENSG00000226887",6.36701928860477,2.59386155801841,0.809226243130483,3.20536015735733,0.00134893576629498,0.0130981244675196,"UP"
"ENSG00000213420",15.8713469673547,-1.50489133987406,0.474290369352067,-3.17293252639708,0.00150907591359818,0.0143123433957397,"DOWN"
"ENSG00000250657",4.80563836864765,-3.37513920823838,1.06909770373837,-3.15699790247081,0.0015940249294525,0.014944607028892,"DOWN"
"ENSG00000180139",22.23619107528,1.54335179468413,0.493163555611665,3.12949279629946,0.00175108366054869,0.0160899266141986,"UP"
"ENSG00000128510",164.043523498014,-2.27394546382,0.726735206244755,-3.12898762063575,0.00175409698162288,0.0161093830048737,"DOWN"
"ENSG00000166670",7.56977942306561,-2.84152658101032,0.908346959300155,-3.12823921731362,0.00175856989484159,0.0161422000431313,"DOWN"
"ENSG00000197943",21.5353661062071,1.65174861409357,0.528575589876941,3.12490520888056,0.00177862364953187,0.0162847303797771,"UP"
"ENSG00000183092",4.67306085602353,-3.37235032613309,1.08467436537748,-3.10909009540339,0.00187664483218501,0.0170347437518176,"DOWN"
"ENSG00000254987",8.69567232319854,2.46719376170413,0.793743488850987,3.10830110276005,0.00188166253240378,0.017037288850798,"UP"
"ENSG00000108684",7.44566527361518,-2.35197239565692,0.7582834255068,-3.10170619130304,0.00192408822439184,0.0172908318096022,"DOWN"
"ENSG00000138829",15701.2188784373,2.07372196476234,0.6707939114988,3.09144422633306,0.00199185397668843,0.0178462970646793,"UP"
"ENSG00000223811",5.68496595888995,-2.86531153779796,0.928794693701331,-3.08497836737141,0.00203566958715894,0.0182116470230309,"DOWN"
"ENSG00000244301",8.08134356605145,2.15161318328794,0.697891140916276,3.08302120078934,0.0020491055614265,0.0183045286664537,"UP"
"ENSG00000155011",12.1070483359893,-1.58423649185778,0.515345980248255,-3.0741221481821,0.00211122972027766,0.0187717225775865,"DOWN"
"ENSG00000264007",8.63790831229881,1.88560395677487,0.614777153020149,3.06713407860338,0.0021612189171768,0.0191151591210929,"UP"
"ENSG00000215018",6.92767301176962,2.46362529290528,0.80701837897533,3.05274992130085,0.00226754822076496,0.0198799517335056,"UP"
"ENSG00000270605",13.9098642505012,-1.59241081637749,0.5218021603311,-3.05175205745996,0.00227509943047048,0.0199176426283935,"DOWN"
"ENSG00000166762",15.0252814715236,-1.75714296073542,0.579467541312829,-3.03234061523874,0.00242665210504621,0.0209788741119909,"DOWN"
"ENSG00000132854",6.00933759621134,-3.37026582967229,1.11254829061755,-3.02932093653348,0.00245104153591092,0.0211389107428058,"DOWN"
"ENSG00000137642",14.7515500227133,-1.66691139249502,0.550243286289645,-3.02940796194933,0.00245033551866983,0.0211389107428058,"DOWN"
"ENSG00000165072",641.088830295859,2.30211922340214,0.76014594992609,3.0285226457182,0.00245752657741178,0.0211704252965077,"UP"
"ENSG00000163823",10.4575502491842,-1.82049520904521,0.602811259367111,-3.02000863579845,0.00252767478324078,0.0216431582101568,"DOWN"
"ENSG00000162493",1099.63807723644,1.88598915821291,0.625012563499483,3.01752199612299,0.00254850545014428,0.0217603157666165,"UP"
"ENSG00000116690",24.9241198332869,1.73032076721203,0.575305440809059,3.00765583718218,0.00263271103961006,0.0223730670672345,"UP"
"ENSG00000198944",13.8566753462816,-1.55447301172692,0.516821570616353,-3.00775567450307,0.002631846360002,0.0223730670672345,"DOWN"
"ENSG00000213402",14.3507751170312,1.59397358120964,0.532401538445144,2.99393120813432,0.00275408032309142,0.0231419964344999,"UP"
"ENSG00000228798",7.94982443803612,-1.84596831297715,0.61744797010488,-2.98967427597761,0.00279275081614723,0.0234083744746669,"DOWN"
"ENSG00000164142",6.9057497110185,2.20237437230507,0.740284600631306,2.97503739835586,0.00292952830464447,0.0241768707832112,"UP"
"ENSG00000197210",18.1130384714363,1.89945721538237,0.638673444369784,2.97406637480704,0.00293881497626222,0.024230064604836,"UP"
"ENSG00000154856",1452.40496387002,1.77175041639408,0.595893885521129,2.97326497123665,0.0029464996639975,0.024271166723776,"UP"
"ENSG00000006788",10.2534484705697,3.16910248474768,1.06737805146507,2.96905344867998,0.00298718632993923,0.0245164694591361,"UP"
"ENSG00000021645",35.9586783335188,1.86917428202052,0.629914976638797,2.96734377073294,0.00300384895851481,0.0246195132051109,"UP"
"ENSG00000164106",26.2834680209629,1.51950770016477,0.512275212663277,2.96619407420666,0.00301510160623322,0.0246892336444835,"UP"
"ENSG00000197046",4.93633951502668,-2.69628049502965,0.909094000600549,-2.96589845851857,0.00301800115088589,0.0247017281270961,"DOWN"
"ENSG00000108602",7.42542324810674,-2.4752196873818,0.835637727431188,-2.96207268548155,0.00305575638003895,0.0249539560517077,"DOWN"
"ENSG00000128262",161.63828740908,1.57178129529471,0.531488138692419,2.9573214919935,0.00310324374351663,0.0252357887660669,"UP"
"ENSG00000165105",33.6344110705797,-1.81618360622976,0.614556742003309,-2.9552740733255,0.00312391402107473,0.0253722772931191,"DOWN"
"ENSG00000130487",7.00089509144042,-2.85241136664011,0.974311177254313,-2.92761843775459,0.00341568939846419,0.0272739461648238,"DOWN"
"ENSG00000211574",10.9421757558928,-1.65385902472942,0.565623710296774,-2.923956324005,0.00345613236548031,0.0274991912371978,"DOWN"
"ENSG00000269959",10.9946835737752,-1.66027630090327,0.570803822275977,-2.90866360054006,0.00362977203410543,0.0285273429708409,"DOWN"
"ENSG00000169297",9.59290432504572,-3.1813726923771,1.09483362864413,-2.90580468953717,0.00366310017330729,0.0287427216823842,"DOWN"
"ENSG00000272744",10.1516030671686,1.65753819069719,0.571426108342908,2.9007043369158,0.00372324998266588,0.0290084407228327,"UP"
"ENSG00000106484",677.207250627007,-1.77264989751807,0.61122396505272,-2.90016425871844,0.00372967155576342,0.0290405777524984,"DOWN"
"ENSG00000261452",4.68290158842556,-2.65137954891548,0.915137795726426,-2.89724625220057,0.00376454135688915,0.0292540979600608,"DOWN"
"ENSG00000171227",14.6397787929251,-2.15132436479098,0.743837485875689,-2.8921967575462,0.00382558283734775,0.0296387895653543,"DOWN"
"ENSG00000225217",5.64654810059119,-2.42336402802661,0.839925604694715,-2.88521270750809,0.00391149284455809,0.0302132578740737,"DOWN"
"ENSG00000139055",17.496973574804,2.06272886980936,0.716050706970979,2.880702232018,0.00396790309097208,0.0305440211394948,"UP"
"ENSG00000160223",16.5436852829633,-1.58288017476143,0.549771403608259,-2.87916061907308,0.00398735200774966,0.0306674781023757,"DOWN"
"ENSG00000163017",1159.27296789865,1.92815739182499,0.670437591452625,2.87596849640738,0.00402789910661308,0.0309333478958883,"UP"
"ENSG00000169129",10.2480487467381,-2.00478910890663,0.698214483220814,-2.87130839746933,0.00408776507546409,0.0312260796886131,"DOWN"
"ENSG00000273162",9.98609198231187,-1.66989250758254,0.583557747621621,-2.861571994183,0.00421545750898184,0.0319167818637943,"DOWN"
"ENSG00000099998",506.243741997388,2.41885589753638,0.84583297717925,2.85973231453208,0.00423998736574253,0.0320889952907332,"UP"
"ENSG00000223802",6.94692444054012,-1.97222873967754,0.692734931347398,-2.84701788581886,0.00441308828395349,0.0330926411684953,"DOWN"
"ENSG00000128917",68.5030415009559,3.68785223690584,1.30016454368539,2.83645039761845,0.00456180637667594,0.0339389334982982,"UP"
"ENSG00000186998",5.03984216022001,-2.21094735931205,0.779822730535255,-2.83519224656929,0.00457981167970647,0.0340587980250131,"DOWN"
"ENSG00000132965",12.5735317472504,1.70587212988549,0.604194801862887,2.82338100994224,0.004752006164832,0.0351214857607929,"UP"
"ENSG00000004799",914.370594679048,2.54405845747004,0.901175648704264,2.82304394390589,0.00475700509138566,0.0351369074123059,"UP"
"ENSG00000225383",8.27388504113067,1.91538213206305,0.678497287037561,2.82297684700545,0.00475800075347375,0.0351369074123059,"UP"
"ENSG00000260396",17.2763069473607,1.55068076424553,0.549773440455111,2.82058144344306,0.00479367034462854,0.0353133060782918,"UP"
"ENSG00000224124",46.2853640928895,1.54300315339457,0.548067466126989,2.81535257748186,0.0048723745995166,0.0357758432211137,"UP"
"ENSG00000260807",9.29035889733276,-1.7847222621414,0.636950904181958,-2.80197775122642,0.00507903762483483,0.0369015169978909,"DOWN"
"ENSG00000105664",5.61471458639355,2.08206265828102,0.744264314873864,2.79747747765373,0.00515033578538256,0.0372779615374657,"UP"
"ENSG00000136267",8.39930227414,-3.25768329931892,1.16556216012061,-2.7949460018347,0.00519083846602683,0.0374414991159625,"DOWN"
"ENSG00000227120",6.17058550366688,-1.90615976103091,0.683557278100686,-2.78858820189482,0.00529383300730133,0.038077482054917,"DOWN"
"ENSG00000235959",6.17058550366688,-1.90615976103091,0.683557278100686,-2.78858820189482,0.00529383300730133,0.038077482054917,"DOWN"
"ENSG00000172828",6.8845269625927,-1.87140606614692,0.671495829861035,-2.78692135219098,0.00532113915321327,0.0382280160819341,"DOWN"
"ENSG00000260455",11.6950477447113,-2.18463908249262,0.786498606664907,-2.77767699011754,0.00547490138365132,0.0390819148024214,"DOWN"
"ENSG00000272384",4.61744047698575,-2.35372110757643,0.84829825449017,-2.77463863106853,0.00552630754288454,0.0393404838622921,"DOWN"
"ENSG00000164122",19.155848874141,1.93628054221185,0.698414426195452,2.77239482689319,0.00556454977758296,0.03951885233037,"UP"
"ENSG00000129270",6.07770066898454,2.26636262860196,0.818539222483949,2.76878928504419,0.00562650112987343,0.0398329698099937,"UP"
"ENSG00000232871",6.07875700079607,-2.51825618111303,0.910001079792507,-2.76731120108915,0.00565207727491564,0.0399511216814202,"DOWN"
"ENSG00000127083",304.475082330564,1.7844318124223,0.645347461836229,2.76507140408517,0.00569103368745956,0.0401571991697552,"UP"
"ENSG00000148677",5.2853822550832,3.85803011369761,1.39907940961409,2.7575490620377,0.00582364733249491,0.040874639474209,"UP"
"ENSG00000078114",7.62336002439804,3.30830553508084,1.20277488301513,2.75056087535478,0.0059493336232362,0.0415621278993913,"UP"
"ENSG00000172399",18.930254444633,2.18081304996511,0.794361550386208,2.74536582102296,0.00604434789362143,0.0421175544076444,"UP"
"ENSG00000134321",5.49817326073831,-3.61026610905892,1.31562542664449,-2.74414437114288,0.0060668849891818,0.0422356662313075,"DOWN"
"ENSG00000134376",6.52692365408615,-2.00458496188818,0.738918967828875,-2.71286169277551,0.00667049410183657,0.045555953262144,"DOWN"
"ENSG00000223458",6.19628354728014,-1.88367118213395,0.696704585777051,-2.70368707281156,0.00685748352406108,0.0464799354427691,"DOWN"
"ENSG00000220563",8.90843088373453,-1.5126748265422,0.559847452618426,-2.70194107246067,0.0068935978789986,0.0466227299263789,"DOWN"
"ENSG00000040731",72.2689663645708,-1.82446733272927,0.676829665753001,-2.69560780953577,0.00702603371334917,0.0473901493748855,"DOWN"
"ENSG00000004846",17.9989448799634,-1.88130050944666,0.699834600305041,-2.68820734017244,0.0071836775689175,0.0482003321060726,"DOWN"
"ENSG00000172602",5.81975935491294,2.02227624540734,0.752775308578917,2.68642744038055,0.00722206324746722,0.048349643081145,"UP"
"ENSG00000258412",6.16986312526721,-2.3095741367882,0.861127211299758,-2.68203594832661,0.00731755960090925,0.048843488026559,"DOWN"
"ENSG00000273117",6.60217158134334,-2.21434187043255,0.825684489469388,-2.68182568362833,0.00732216025925978,0.0488560615146602,"DOWN"
"ENSG00000111490",15.9099485969693,-1.55090439851878,0.580293453393772,-2.67262087733115,0.00752612542521712,0.0499390359395772,"DOWN"
